3.820927492279504456e-01 7.735874321867682868e-01 1.474654377880182110e-01
4.008302246270303293e-01 1.230363514165284444e+00 1.876409562471807735e-01
6.116403274405648460e-01 1.006203739609812464e+00 1.483330361918346607e-01
1.570236937927173559e-01 3.007239617038602320e-01 5.050215208034434244e-01
5.400160298496781142e-01 8.986810356419644430e-01 1.376882456483473072e-01
3.444194514407052377e-01 6.793015601400655967e-01 1.534036433365290053e-01
1.938021066196051745e-01 4.845785903363153957e-01 3.208751139471286984e-01
1.968230123798775377e-01 8.330713530688638180e-01 4.107351225204198264e-01
4.128080080143070596e-01 8.895475135813030176e-01 1.466544454628781469e-01
2.825640964504533836e-01 1.020296684443212420e+00 2.295277943813507637e-01
2.259364766964453708e-01 7.589003690387927659e-01 1.456551724137929438e-01
2.825444984415199090e-01 9.832287937868144923e-01 2.132148806218769066e-01
4.084091685277174699e-01 8.857007943835393249e-01 1.829733163913596083e-01
2.510052045490037131e-01 6.867082066664299544e-01 2.210708117443867804e-01
2.573237581264860574e-01 9.122060786331184223e-01 2.023267577137076445e-01
3.293397163434578778e-01 7.386970957550402783e-01 1.622600507062659514e-01
2.623925950575141108e-01 5.763245623014997543e-01 2.565130260521044092e-01
3.175833353931601932e-01 5.356934741908683240e-01 1.604010025062655997e-01
4.224783421197159661e-01 9.630617444279405692e-01 1.611339052592316301e-01
2.878101370946191118e-01 8.412969699624617270e-01 2.094926350245500668e-01
3.267117426974245897e-01 5.564660653142283753e-01 1.418973394248856656e-01
4.399161764773439343e-01 8.548732172074176017e-01 1.561221277935159191e-01
1.811929657620264533e-01 7.973826248326070232e-01 3.516483516483516758e-01
2.940382123177688878e-01 5.734928090673838685e-01 1.791312136139722455e-01
3.308479111972992270e-01 7.057330745251522153e-01 1.629455542499020082e-01
4.055514335698472417e-01 7.372190001210487953e-01 1.413784397879323251e-01
4.166457338555976664e-01 6.976669932857260115e-01 1.541920976549952527e-01
2.329181495167688687e-01 4.594349459599880170e-01 2.231260894828589469e-01
3.194544800298335097e-01 5.108871322975981899e-01 1.541920976549952527e-01
1.759861015995204947e-01 3.746327906599084545e-01 2.340036563071296871e-01
5.054078979516185566e-01 9.076946665040787066e-01 1.469524074589478313e-01
1.891519984465191706e-01 5.318453822826337829e-01 3.821932681867535320e-01
3.706290958154238591e-01 6.668823039703006827e-01 1.435943459726272686e-01
1.765309445827632773e-01 4.866213516115558413e-01 2.730799069045772298e-01
2.203235330045026641e-01 7.332611272404456759e-01 2.571219868517164997e-01
1.892218772714176211e-01 5.351731811649000914e-01 3.693599160545645299e-01
4.401202571366725214e-01 1.039295854927460239e+00 1.781443298969072331e-01
3.960277649964083491e-01 9.502627051232700461e-01 1.425101214574899799e-01
2.360206182849218792e-01 7.260087036175398856e-01 2.190530519110098218e-01
4.961749871590470096e-01 1.214448066551331307e+00 1.413354117952715649e-01
2.760030146016168584e-01 9.685310757808872628e-01 1.561221277935159191e-01
4.078750891978749071e-01 6.085134708557446981e-01 1.625780229351140860e-01
2.588051539096354881e-01 5.392662008524456985e-01 1.660678642714570052e-01
2.897476779398596158e-01 5.467618459522056718e-01 1.717475311292400442e-01
3.760601437807563618e-01 9.675854954255308504e-01 1.817355747387551235e-01
1.776332858068097043e-01 5.157746844234859518e-01 3.305164319248828364e-01
2.886824703504072276e-01 5.604555920252456414e-01 1.479524438573315559e-01
4.732087698084950778e-01 6.886008251382346179e-01 1.585564265641176973e-01
3.771086059820156211e-01 7.869742101529990652e-01 1.450835930858600797e-01
2.575830344531050975e-01 1.356287797099364534e+00 3.821932681867535320e-01
2.725551905076344372e-01 7.493364069591628152e-01 1.619307123394315984e-01
3.218329213091165597e-01 5.980946896347255626e-01 1.506004543979226062e-01
4.451057776031963065e-01 7.448116138776844641e-01 1.435943459726272686e-01
3.081835675586346301e-01 5.022274558285062529e-01 1.518506801645048421e-01
4.986795443290641394e-01 1.072425829081683712e+00 1.455490578297596316e-01
2.587643198035136649e-01 8.347300776188415483e-01 2.024248813916712242e-01
2.802269766296656139e-01 8.191090418565690756e-01 1.991040318566451028e-01
1.678487226639023833e-01 4.945115446780473656e-01 3.355576739752145210e-01
3.039666764620694295e-01 6.153299180475704233e-01 1.733075435203093873e-01
6.755590717926586164e-01 9.953162393177854561e-01 1.623221079329295879e-01
2.989690731507557708e-01 4.677980505196860928e-01 1.441116865570816752e-01
6.647887264788759909e-01 1.158311371273262669e+00 1.921869927497023567e-01
1.840565659809701438e-01 3.523045567413236601e-01 2.252199413489734958e-01
2.999517911424657290e-01 1.001453362185040774e+00 2.317441158720580652e-01
4.511036906133121804e-01 6.881573451058922153e-01 1.540189314936626919e-01
2.274674639209793570e-01 8.604433228843632042e-01 3.084660519698235737e-01
1.608168765066495809e-01 2.983965271844290501e-01 2.772563176895305181e-01
3.344732467992765357e-01 7.327547178648499138e-01 1.518506801645048421e-01
3.738469465444472228e-01 7.524484171533705190e-01 1.585840707964601137e-01
2.895266429363034799e-01 7.794180607479493927e-01 2.679692951849269589e-01
2.794774157791292679e-01 7.552186990341888118e-01 2.076798269334774460e-01
4.067277116865027353e-01 9.346286670493246795e-01 1.477633477633476800e-01
1.561308992973565735e-01 5.942412634328805288e-01 4.625492772667543773e-01
2.216325444731393202e-01 5.548509783987110033e-01 2.965350523771153046e-01
4.211068413534528876e-01 9.121534814275076286e-01 1.576909538894756269e-01
2.503048944892677929e-01 4.178964718733071959e-01 1.717475311292400442e-01
3.960701988182141475e-01 8.736505783562354965e-01 1.447786744925410596e-01
2.216867296460926229e-01 8.319250401056436095e-01 2.650103519668735585e-01
3.202640855619992566e-01 6.330377023504968337e-01 1.419518377693282374e-01
2.257320885803253685e-01 6.805569575772794089e-01 2.386575512740831684e-01
4.415177958249563162e-01 6.902289979399693909e-01 1.504530689006669253e-01
2.971225336223770053e-01 6.009186349747009936e-01 1.611339052592316301e-01
4.758839756857198844e-01 1.282397459414770235e+00 1.613251710478933176e-01
2.594691603376353406e-01 7.977816227927170267e-01 2.709950599858855225e-01
2.326032754404514236e-01 9.062408481449478748e-01 3.043837882547560381e-01
2.771913375820491687e-01 7.240701435223606541e-01 2.023267577137076445e-01
1.519411586741728493e-01 4.380100557222876279e-01 3.573604060913705971e-01
2.172238278063262362e-01 3.497032026135060145e-01 1.473748848633712472e-01
4.427647435574280643e-01 7.163260293705270287e-01 1.425556858147714323e-01
2.820503040676413664e-01 6.384159385718494173e-01 1.844167819271553821e-01
2.291415072693056276e-01 4.254591210080058139e-01 1.900237529691211624e-01
5.403702953863896985e-01 6.675218054935360135e-01 1.836336508665213085e-01
3.747512073669911903e-01 9.206497683072605298e-01 1.370524928618493399e-01
2.200863626510907167e-01 5.570799131898874768e-01 2.041467304625198265e-01
2.529383282123532917e-01 3.979334577472736778e-01 1.604010025062655997e-01
3.708729973103798705e-01 5.026305400487577346e-01 1.418973394248856656e-01
2.234830204194251102e-01 5.618088463412111988e-01 2.459961563100578619e-01
5.693079950668480382e-01 1.222897465497499780e+00 1.470807453416147770e-01
2.252925502037645966e-01 6.954646319887395345e-01 2.190530519110098218e-01
3.097260530850462490e-01 6.021490487522408452e-01 1.613251710478933176e-01
3.801212554451814385e-01 7.223855724582465276e-01 1.442927080649316907e-01
1.923425648336363480e-01 3.835165403577426857e-01 2.386575512740831684e-01
5.323642699690624980e-01 1.003243882415510546e+00 1.488559215489063114e-01
5.561509650812059835e-01 7.829526065518521705e-01 1.841175800387375994e-01
3.763846221445139029e-01 6.709177585606383998e-01 1.613251710478933176e-01
2.441727731393973921e-01 1.155673469010020771e+00 1.386949193354201082e-01
4.184432658418129058e-01 6.742009322424086237e-01 1.420643729189788318e-01
3.746260262884854586e-01 1.008509603105781638e+00 1.611339052592316301e-01
3.630899262940503469e-01 9.500848781909605467e-01 1.455339275968710322e-01
4.282758084951631128e-01 8.563596893898492990e-01 1.457714398890869734e-01
2.513174428150438122e-01 1.261663871140292326e+00 2.650103519668735585e-01
3.074689289309925910e-01 5.729575233907082676e-01 1.425299058284550946e-01
2.618188618901765019e-01 8.433306227890582374e-01 2.621160409556316240e-01
4.539350610591509905e-01 7.919310624519709796e-01 1.365725541694024769e-01
3.432984935295804174e-01 4.297373362133061758e-01 1.682218425548694107e-01
5.226489842134948161e-01 8.526444497822549540e-01 1.549577248270562202e-01
2.927576064503319420e-01 7.767402750703921166e-01 2.317441158720580652e-01
5.317090919720381947e-01 9.273538673565473456e-01 1.618925466723671880e-01
2.111295596098751448e-01 5.957778091213812299e-01 2.772563176895305181e-01
4.840704098295958158e-01 9.332912547084261101e-01 1.394175647787203320e-01
2.243497610673115816e-01 4.598189846328352703e-01 1.741401828471920155e-01
6.427310352414868921e-01 9.374480562893323654e-01 1.814567987840522700e-01
4.066236375683774384e-01 6.801091262197690446e-01 1.452807646356031601e-01
5.249088208511099030e-01 1.087148106234545164e+00 1.447295551043013551e-01
1.879571028076085781e-01 5.814682997291334976e-01 2.511445389143233120e-01
7.086731385061759703e-01 1.043682224130520808e+00 1.814567987840522700e-01
1.836482016341940138e-01 2.249267281526307893e-01 1.453474097716669355e-01
1.790312868374785149e-01 7.999224714701490546e-01 3.821932681867535320e-01
2.721606109263574602e-01 3.529655580555527417e-01 1.451583040177745476e-01
2.059990893507922805e-01 4.512249367955828427e-01 2.231260894828589469e-01
2.136653367827487104e-01 6.913928088660795668e-01 3.169681309216189069e-01
1.923848007908810498e-01 6.089032253648951620e-01 1.829733163913596083e-01
2.853419601118688531e-01 8.489557961878818615e-01 3.756670224119530443e-01
3.777405640296105926e-01 8.264988613336982093e-01 1.701481200151917228e-01
4.451210516529039984e-01 1.239597725586533583e+00 1.450835930858600797e-01
4.624548069265747019e-01 7.690191792781683189e-01 1.456159822419532679e-01
2.895169093217621059e-01 6.609471557962628419e-01 1.641626969585928131e-01
2.147863044837313717e-01 4.488537978278273610e-01 2.511445389143233120e-01
2.579570833620167813e-01 1.206715185391394218e+00 2.538003965631194792e-01
3.551524842044723740e-01 7.421115619727198798e-01 1.537984496124031042e-01
3.802629339835187916e-01 7.497194275226584104e-01 1.671353957412614888e-01
3.264346630190919640e-01 7.724491085861513451e-01 2.295277943813507637e-01
3.567452801232510740e-01 5.403750960418592930e-01 1.419518377693282374e-01
2.336075185922920350e-01 3.081727417722244788e-01 1.390766853389994728e-01
2.206192323213727602e-01 4.263938573659441511e-01 1.632058287795993545e-01
5.100481797243733295e-01 8.604409124587431013e-01 1.529593701672993522e-01
2.396139485236846445e-01 7.002156001379401529e-01 2.363076923076924407e-01
3.913335124662775666e-01 1.013155431537577700e+00 1.613251710478933176e-01
4.081019112901714818e-01 7.720909617678317627e-01 1.437002822684115833e-01
2.091617145065952643e-01 1.144420168453389230e+00 1.512555391432790775e-01
2.041837775102653685e-01 4.822876279888864692e-01 2.538003965631194792e-01
3.891216352260293276e-01 1.199548774936243012e+00 1.705756929637526620e-01
1.505018834487017731e-01 8.039517828652386067e-01 4.625492772667543773e-01
2.483365842546605140e-01 4.049009386077078720e-01 1.705756929637526620e-01
4.790175324360014808e-01 6.904316848489108205e-01 1.460996608400730312e-01
4.786324134565972943e-01 9.418598279338450396e-01 1.420643729189788318e-01
5.533327633013443991e-01 1.032894975477608224e+00 1.430807064609880830e-01
1.664367232184346124e-01 7.692635419616220549e-01 3.126593033135089406e-01
2.706855936812260777e-01 5.344735291889184392e-01 2.113373692900384071e-01
2.864384100410118372e-01 7.587560192091153954e-01 1.876409562471807735e-01
2.852378958601611836e-01 6.455227958986421433e-01 1.711883836453954033e-01
4.142364700057166726e-01 1.090928360467813274e+00 1.885902876001883666e-01
2.623620430994635377e-01 8.760779444185107234e-01 1.990668740279939453e-01
2.210908991330718387e-01 3.673198734499145135e-01 2.023267577137076445e-01
2.652139143471011207e-01 4.302614059982423633e-01 1.579843377596186482e-01
1.684733709320327399e-01 7.792411814161762651e-01 4.438839848675911193e-01
1.973486636913868164e-01 4.371598783042693337e-01 1.437798371244032036e-01
2.398451167668507744e-01 4.322493942884991225e-01 1.529838443785031254e-01
3.538995615126553917e-01 1.258380104377609054e+00 1.681050656660411924e-01
3.184158961100289620e-01 3.850579104870621161e-01 1.567917985828433947e-01
5.792445046112320028e-01 9.581710384113630852e-01 1.375358166189111775e-01
1.570422727701637766e-01 4.378531997878280513e-01 3.693599160545645299e-01
5.033428606045078357e-01 8.153286022115446841e-01 1.398535317741553263e-01
3.131798866617583332e-01 8.943382860023508796e-01 2.007318348144274955e-01
2.120679615453713862e-01 7.347204407074755528e-01 3.126593033135089406e-01
3.390956084868997911e-01 7.169541149542509872e-01 1.466544454628781469e-01
2.050340449144844590e-01 6.135403572107733794e-01 2.709950599858855225e-01
2.909534294362138840e-01 5.108828501668529753e-01 1.622600507062659514e-01
2.571356852556567762e-01 1.031017245794829451e+00 1.829733163913596083e-01
4.230758742233122760e-01 6.819819469233686648e-01 1.551697168778352898e-01
2.191763821719085736e-01 3.776081551101599931e-01 1.641626969585928131e-01
4.493030108842513970e-01 7.286977008844822690e-01 1.413784397879323251e-01
1.928886451294594684e-01 5.230055332971267346e-01 2.571219868517164997e-01
2.297700416332497109e-01 6.498762346390801747e-01 2.024248813916712242e-01
4.888924766289559631e-01 8.114354226479764121e-01 1.441116865570816752e-01
4.054604094836216088e-01 7.296742019863977635e-01 1.473296500920810437e-01
4.128635099554445742e-01 9.006972961392154531e-01 1.769766489143793642e-01
5.105422642353171225e-01 7.766929830487290243e-01 1.451583040177745476e-01
3.685996994117085035e-01 8.091852239821086812e-01 1.641626969585928131e-01
2.210438813233244204e-01 1.093625361084840764e+00 2.740899357601715436e-01
5.648950504697118902e-01 7.833801495467651588e-01 1.878634917151320860e-01
2.997617790598973153e-01 8.610722153656413802e-01 2.113373692900384071e-01
1.806682556013199659e-01 5.329108104330249063e-01 3.043837882547560381e-01
2.530610071202472611e-01 6.211401329869257193e-01 2.485436893203882280e-01
3.186196386298056904e-01 5.858046799918270597e-01 1.817355747387551235e-01
3.507646080750537743e-01 7.079838024232706362e-01 1.622600507062659514e-01
2.706505148803399208e-01 8.232561764136246962e-01 2.565130260521044092e-01
1.722128692283336759e-01 6.341794385915834331e-01 3.208751139471286984e-01
2.199245179084649560e-01 4.726052427356436936e-01 2.621160409556316240e-01
2.537207414237336867e-01 7.321109666217696654e-01 1.541920976549952527e-01
2.478799714191995407e-01 7.502130160614368659e-01 2.965350523771153046e-01
5.919638114650087601e-01 1.031920639270572870e+00 1.381394344916901662e-01
2.708625903818904224e-01 7.178993952697343417e-01 2.041467304625198265e-01
3.897138539472639884e-01 5.567719480631034834e-01 1.508657637579289834e-01
1.547537309415769613e-01 7.016647477232970109e-01 3.693599160545645299e-01
1.897713380553309459e-01 4.104827739419713573e-01 2.571219868517164997e-01
2.514005205705550083e-01 6.118295464333166622e-01 2.210708117443867804e-01
2.507063436190580252e-01 5.504385674598564204e-01 1.975308641975306867e-01
4.338991939748032545e-01 1.353416396790671161e+00 1.733075435203093873e-01
5.647777343620419277e-01 7.714123733440478858e-01 1.525401593313308046e-01
3.617476485872456182e-01 8.237368997272290772e-01 1.513866231647634508e-01
2.842879601717210880e-01 1.139443702777733103e+00 2.295277943813507637e-01
4.583954925744097020e-01 7.827029840831555285e-01 1.373246807619845911e-01
2.642470362698078890e-01 6.244516065303556962e-01 1.991040318566451028e-01
2.464237536754063651e-01 5.613656697967956966e-01 2.190530519110098218e-01
2.915536402081796985e-01 6.496043097035858471e-01 1.817416912074042989e-01
3.576153202483512983e-01 5.557619948485597039e-01 1.456159822419532679e-01
5.167464912919363940e-01 9.753608822308608151e-01 1.483330361918346607e-01
1.944779736685278149e-01 6.024563895180014006e-01 3.043837882547560381e-01
3.091915969135053954e-01 4.317839641256492333e-01 1.430515063168124601e-01
1.539492957868848211e-01 3.574752757852144858e-01 2.772563176895305181e-01
1.871525039633925858e-01 4.409637521461598486e-01 2.601626016260162877e-01
3.366929089513254758e-01 9.066513435220563411e-01 1.671353957412614888e-01
3.043493094939361265e-01 6.456012853970114485e-01 1.681050656660411924e-01
1.581909751004560993e-01 6.220307808438382269e-01 3.169681309216189069e-01
3.951309818227585757e-01 7.477234497617368802e-01 1.604010025062655997e-01
3.709837241398549201e-01 6.707246688260324330e-01 1.459410155062328407e-01
3.262286904334180115e-01 1.066456393556968862e+00 2.252199413489734958e-01
1.667752493391378710e-01 9.855448524302163893e-01 3.573604060913705971e-01
4.222942883892266130e-01 1.157912219064001436e+00 1.664639913525199355e-01
1.965759598101463612e-01 6.784423793846044992e-01 2.363076923076924407e-01
1.877719272826860464e-01 4.106726111465348050e-01 3.084660519698235737e-01
2.915324949934535170e-01 5.075848167157276380e-01 1.463009143807150192e-01
2.771328364072830897e-01 4.563351159987403816e-01 2.295277943813507637e-01
1.863128541055512066e-01 5.177145927761469535e-01 2.650103519668735585e-01
4.047590498813830595e-01 9.678581764321911862e-01 1.741401828471920155e-01
2.636044460537209089e-01 5.587149321468061203e-01 1.793275217932752130e-01
2.894918606333590771e-01 5.220279072871272241e-01 1.701481200151917228e-01
3.283217150796831074e-01 7.998602881393416242e-01 1.758241758241758379e-01
3.453924448846941719e-01 8.091035572115387042e-01 1.597246127366607760e-01
3.754411615941594116e-01 7.879441810583481809e-01 1.537984496124031042e-01
3.988865112066092844e-01 1.026568834375022998e+00 1.562815762883124071e-01
1.835839976979945221e-01 6.204865441244575841e-01 2.765121759622936604e-01
3.558185715835703311e-01 7.869865409552746494e-01 1.526232114467409307e-01
3.400148730631754046e-01 6.830068446213312106e-01 1.464112096082355874e-01
2.180355194590658241e-01 8.399776861582403109e-01 2.024248813916712242e-01
4.375522006033865652e-01 9.958094129893185764e-01 1.430700447093889993e-01
2.348040148041908581e-01 9.153478499838948457e-01 1.446327683615820647e-01
7.355474152593196591e-01 1.197235124947906293e+00 1.364108962362238220e-01
6.280180668234821573e-01 8.862350142125637875e-01 1.496532817287534456e-01
4.454170617166539059e-01 1.092781666769758742e+00 1.579347000759300512e-01
4.071371880061859794e-01 7.011611281656586758e-01 1.470841712151679803e-01
3.540918471322510586e-01 7.166357457583800716e-01 1.651308514559527429e-01
2.114527140958766815e-01 5.110461985919885208e-01 2.252199413489734958e-01
2.276261393721699666e-01 6.168738046635015015e-01 2.485436893203882280e-01
3.133438019502345906e-01 6.604550641401943922e-01 1.758241758241758379e-01
3.395393550914143077e-01 5.387576323942754319e-01 1.440514469453376689e-01
5.295738103418904386e-01 7.091147199537298773e-01 1.941219537705261011e-01
3.657660554092436733e-01 8.396398879208358812e-01 1.701481200151917228e-01
2.403717003362259297e-01 8.669342465445264434e-01 2.592842673869005798e-01
1.546933080495518920e-01 5.611207813656585719e-01 3.126593033135089406e-01
3.650040982838320125e-01 5.757012668377515796e-01 1.365725541694024769e-01
3.816935559418163648e-01 9.733243904033843652e-01 1.758241758241758379e-01
1.910882672607518429e-01 5.697086569999734174e-01 2.965350523771153046e-01
4.013192477619694221e-01 8.497833215851736677e-01 1.594873620505518896e-01
3.911924364926375741e-01 1.170467151992303334e+00 1.682167408006470799e-01
2.381414382678328223e-01 5.617244065210056370e-01 2.679692951849269589e-01
3.518164237407042094e-01 4.269335114537664566e-01 1.822852675080978146e-01
2.019330617340217293e-01 6.500131872031030822e-01 2.679692951849269589e-01
1.771960795424843416e-01 7.772608782567997920e-01 3.407550822846079908e-01
4.339118354492090268e-01 1.138588100563750372e+00 1.569123695033217414e-01
3.102910566507446899e-01 7.071368525743709776e-01 1.885902876001883666e-01
2.577070960729359039e-01 7.508494018935464309e-01 2.459961563100578619e-01
4.651511874150884296e-01 9.129733077213757486e-01 1.460552053901326142e-01
2.068768140148521950e-01 4.991413630765024201e-01 2.632759910246820212e-01
1.500485909033122400e-01 6.301788481890205906e-01 4.185493460166468394e-01
2.379927832712212532e-01 6.842426608414062805e-01 3.208751139471286984e-01
1.964680373617760656e-01 4.497766787560348312e-01 2.650103519668735585e-01
3.593543252633852880e-01 5.353533245807774454e-01 1.460909263838690575e-01
1.545168572257161199e-01 9.128035663838631741e-01 2.340036563071296871e-01
3.768960954260467955e-01 5.798362040094263703e-01 1.430603535866694920e-01
2.403727755609915695e-01 4.131174517653238842e-01 1.594873620505518896e-01
4.973806587008093860e-01 8.826732826504473106e-01 1.367521367521368492e-01
4.236084554069396435e-01 1.045050062738474450e+00 1.418973394248856656e-01
2.593360960260006620e-01 6.221779668570129873e-01 2.024248813916712242e-01
4.671302011835015700e-01 1.224647897013831033e+00 1.604010025062655997e-01
2.306274804123262800e-01 9.162237551349013964e-01 3.004081632653061162e-01
3.180566684816413248e-01 7.485464055809644135e-01 1.717475311292400442e-01
4.150247762889241465e-01 9.059353872521095363e-01 1.914791766395404493e-01
2.354825848590338666e-01 9.262775013029508342e-01 3.256244218316374228e-01
2.569708222214771021e-01 6.870242516311723113e-01 2.273534635879219667e-01
8.018544349434404417e-01 1.190983203013104230e+00 1.935832343091715424e-01
3.613764314874460815e-01 8.965480736791440197e-01 1.729355814958927762e-01
3.801149508910739994e-01 7.670401544566033403e-01 1.459410155062328407e-01
2.799099719864834301e-01 5.924053778000100134e-01 2.511445389143233120e-01
2.245876071438326349e-01 9.325696637529200528e-01 1.452344931921330795e-01
3.765063077411490711e-01 8.894056268591048475e-01 1.804239963915200695e-01
1.531935138769219551e-01 8.882123519644673504e-01 6.186291739894552721e-01
3.259018491957118013e-01 6.729529755620702325e-01 1.975308641975306867e-01
2.578306439983599208e-01 6.473960549720064739e-01 2.459961563100578619e-01
2.259197752171315521e-01 8.112664096979164130e-01 2.565130260521044092e-01
1.994879502008032046e-01 8.222445438401545514e-01 3.256244218316374228e-01
3.421933327037158246e-01 8.783376914177946082e-01 1.512555391432790775e-01
2.581601594497715535e-01 6.019004534236094273e-01 1.753616834721613282e-01
1.612822919403347766e-01 3.876025228842954196e-01 2.664647993943982107e-01
3.937048965818306656e-01 8.672234812065121590e-01 1.722414455978469039e-01
6.079506734557936776e-01 8.533676084986638877e-01 2.051069988628140273e-01
5.059142973233282659e-01 8.259874980958665791e-01 1.373783629078420832e-01
3.163598352728352880e-01 8.773651354498092081e-01 2.039775624681285371e-01
3.463896704820058625e-01 7.751620801437441033e-01 1.554438860971525949e-01
